Case A:

2009
The overall accuracy of  100  trees is:  0.5073360843649702
[[787   4  16   0 273   2 125   4]
 [ 72   5   6   0  51   0  18   2]
 [161   2  15   0 132   0  74   0]
 [  5   0   0   3   4   0   1   0]
 [270   5  13   1 879   0 267   7]
 [ 33   0   1   0  12   4   6   0]
 [206   1   9   0 362   1 508   0]
 [  1   0   0   0   2   0   0  12]]
2009
The overall accuracy of  200  trees is:  0.5064190738193489
[[794   4  16   0 263   1 129   4]
 [ 64   5   6   0  55   0  23   1]
 [168   1  12   0 124   0  79   0]
 [  5   1   0   3   4   0   0   0]
 [270   3  11   1 864   0 288   5]
 [ 30   1   1   0  14   4   6   0]
 [203   1   9   0 358   1 515   0]
 [  1   0   0   0   2   0   0  12]]
2009
The overall accuracy of  300  trees is:  0.5084823475469968
[[802   4  12   0 261   2 126   4]
 [ 67   6   5   0  53   0  22   1]
 [163   1  14   0 125   0  81   0]
 [  4   0   0   3   5   0   1   0]
 [274   2   5   1 877   0 278   5]
 [ 31   1   0   0  13   5   6   0]
 [215   1   4   0 367   1 499   0]
 [  1   0   0   0   2   0   0  12]]
2009
The overall accuracy of  400  trees is:  0.509399358092618
[[795   5  16   0 261   1 129   4]
 [ 65   5   6   1  52   0  24   1]
 [159   1  16   0 123   0  85   0]
 [  4   0   0   3   5   0   1   0]
 [276   3   9   1 881   0 267   5]
 [ 31   1   1   0  13   4   6   0]
 [202   2   5   0 371   1 506   0]
 [  1   0   0   0   2   0   0  12]]
2009
The overall accuracy of  500  trees is:  0.5098578633654287
[[795   4  16   0 257   1 134   4]
 [ 66   5   6   1  54   0  21   1]
 [161   2  12   0 129   0  80   0]
 [  5   0   0   3   4   0   1   0]
 [267   2   7   1 886   0 274   5]
 [ 34   1   0   0  10   5   6   0]
 [207   2   3   0 368   1 506   0]
 [  1   0   0   0   2   0   0  12]]
2011
The overall accuracy of  100  trees is:  0.49011960478419136
[[690   1  18   0 251   0 142   1]
 [ 43   2   0   0  50   0  20   1]
 [160   0  27   0 100   1  77   0]
 [  2   0   0  13   6   0   2   0]
 [288   2   6   1 667   0 223   3]
 [ 22   0   1   0  13   8  13   1]
 [212   2  12   1 258   1 453   1]
 [  6   0   0   0  18   0   2  25]]
2011
The overall accuracy of  200  trees is:  0.49739989599583984
[[711   1  18   0 245   0 127   1]
 [ 39   2   0   0  58   0  16   1]
 [160   0  26   0 107   1  71   0]
 [  3   0   0  12   6   0   2   0]
 [280   2   7   0 677   0 221   3]
 [ 24   0   0   0  14   6  13   1]
 [208   1  13   1 262   0 454   1]
 [ 10   0   0   0  14   0   2  25]]
2011
The overall accuracy of  300  trees is:  0.49479979199167967
[[699   2  16   0 258   0 127   1]
 [ 41   3   0   0  52   0  19   1]
 [165   0  24   0  99   1  76   0]
 [  4   0   0  12   5   0   2   0]
 [282   2   4   1 677   0 221   3]
 [ 21   0   1   0  15   7  14   0]
 [210   2  10   1 260   0 456   1]
 [  9   0   0   0  15   0   2  25]]
2011
The overall accuracy of  400  trees is:  0.4960998439937597
[[707   2  18   0 243   0 132   1]
 [ 41   3   0   0  56   0  15   1]
 [166   0  24   0  98   1  76   0]
 [  3   0   0  13   5   0   2   0]
 [277   3   4   1 673   0 228   4]
 [ 23   0   0   0  14   7  14   0]
 [209   1  12   1 260   0 456   1]
 [ 10   0   0   0  15   0   1  25]]
2011
The overall accuracy of  500  trees is:  0.4953198127925117
[[706   2  17   0 248   0 129   1]
 [ 41   2   0   0  55   0  17   1]
 [153   0  31   0 102   1  78   0]
 [  3   0   0  11   7   0   2   0]
 [291   2   3   1 668   0 222   3]
 [ 22   1   0   0  15   6  13   1]
 [207   1  10   1 264   0 456   1]
 [  9   0   0   0  16   0   1  25]]
--- 1205.14411497 seconds ---

------------------------------------------------------------------------------------------------
Case B

2009
The overall accuracy of  100  trees is:  0.5157870739769748
[[1550    9   20    2  517    1  321    3]
 [ 136   12    3    0  103    0   50    5]
 [ 308    2   39    0  257    0  162    0]
 [   6    0    0    9    6    0    5    0]
 [ 498    8    9    0 1796    4  565    5]
 [  51    0    1    0   28   15   18    0]
 [ 376    4   11    2  735    2 1049    1]
 [   3    2    1    0    6    0    2   55]]
2009
The overall accuracy of  200  trees is:  0.5206884760059273
[[1562    5   15    2  503    1  332    3]
 [ 133   12    2    0  105    0   51    6]
 [ 322    2   36    0  251    2  155    0]
 [   8    0    0    9    4    0    5    0]
 [ 475    6   12    0 1819    3  566    4]
 [  52    2    2    0   26   15   16    0]
 [ 368    3   12    2  731    4 1059    1]
 [   4    2    0    0    5    0    2   56]]
2009
The overall accuracy of  300  trees is:  0.5206884760059273
[[1559    7   20    2  519    1  311    4]
 [ 137   13    1    0  104    0   48    6]
 [ 323    2   34    0  251    1  156    1]
 [   8    0    0    9    4    0    5    0]
 [ 489    7   15    0 1812    4  554    4]
 [  50    0    2    0   27   15   19    0]
 [ 372    2   14    2  717    2 1070    1]
 [   3    2    1    0    6    0    1   56]]
2009
The overall accuracy of  400  trees is:  0.5197765872563547
[[1553    6   20    2  529    1  309    3]
 [ 136   10    4    0  104    0   49    6]
 [ 323    2   33    0  253    0  157    0]
 [   8    0    0    9    4    0    5    0]
 [ 493    5   13    0 1818    4  548    4]
 [  50    1    3    0   25   15   19    0]
 [ 368    2   11    2  728    1 1067    1]
 [   3    2    1    0    6    0    2   55]]
2009
The overall accuracy of  500  trees is:  0.520232531631141
[[1568    7   18    2  512    1  312    3]
 [ 136   13    1    0  103    0   50    6]
 [ 325    2   34    0  254    0  153    0]
 [   7    0    0    9    5    0    5    0]
 [ 491    6    9    0 1802    4  568    5]
 [  49    0    2    0   26   15   21    0]
 [ 373    4   13    2  718    2 1067    1]
 [   3    2    0    0    6    0    2   56]]
2011
The overall accuracy of  100  trees is:  0.4779555208739758
[[1372    2   38    0  483    0  300   10]
 [  63    9    2    0  114    0   41    3]
 [ 303    1   42    0  222    2  159    0]
 [  20    0    1    8   10    0    8    0]
 [ 538    4   29    1 1332    1  470    5]
 [  38    1    3    0   33    6   33    2]
 [ 396    1   23    4  591    2  862    0]
 [  21    3    1    0   19    0   13   44]]
2011
The overall accuracy of  200  trees is:  0.4784757445701652
[[1370    1   37    0  497    0  291    9]
 [  66    8    1    0  115    0   39    3]
 [ 301    0   40    0  225    2  161    0]
 [  21    0    1    8   11    0    6    0]
 [ 545    6   28    1 1341    1  452    6]
 [  34    1    4    0   34    6   35    2]
 [ 392    1   23    5  596    1  861    0]
 [  20    3    2    0   18    1   12   45]]
2011
The overall accuracy of  300  trees is:  0.481857198595396
[[1386    1   35    0  476    0  297   10]
 [  66    7    0    0  114    0   42    3]
 [ 311    0   39    0  217    2  160    0]
 [  22    1    1    8   10    0    5    0]
 [ 549    4   27    1 1335    1  457    6]
 [  36    1    4    0   35    6   33    1]
 [ 392    1   22    3  582    1  878    0]
 [  20    3    1    0   20    0   11   46]]
2011
The overall accuracy of  400  trees is:  0.4817271426713487
[[1376    3   37    0  479    0  300   10]
 [  67    9    0    0  113    0   40    3]
 [ 294    0   40    0  231    2  162    0]
 [  20    1    0    8   12    0    6    0]
 [ 539    4   24    0 1341    1  465    6]
 [  37    2    3    0   32    6   34    2]
 [ 401    1   17    3  577    1  879    0]
 [  20    2    1    0   20    0   13   45]]
2011
The overall accuracy of  500  trees is:  0.481467030823254
[[1367    2   39    0  497    0  290   10]
 [  65    8    0    0  119    0   37    3]
 [ 304    0   41    0  220    2  162    0]
 [  22    1    0    6   11    0    7    0]
 [ 535    4   24    0 1351    1  459    6]
 [  39    1    4    0   31    7   33    1]
 [ 395    1   19    2  585    1  876    0]
 [  19    2    2    0   18    1   13   46]]
--- 4315.83221793 seconds ---

------------------------------------------------------------------------------------------------
Case C:

2009
The overall accuracy of  100  trees is:  0.5295223982674113
[[3149   19   65    1 1006    6  593    7]
 [ 257   36    2    6  187    4  119    6]
 [ 629    9   85    1  495    1  315    1]
 [  15    0    0   15   14    0    8    0]
 [ 944   11   42    1 3653    3 1104   12]
 [  73    2   14    0   45   37   55    0]
 [ 721   13   32    0 1380    3 2211    1]
 [   6    1    0    0   22    0    4  105]]
2009
The overall accuracy of  200  trees is:  0.52724267639348
[[3125   21   55    3 1037    7  592    6]
 [ 261   36    4    6  178    4  122    6]
 [ 633    9   74    1  495    1  322    1]
 [  15    0    0   15   14    0    8    0]
 [ 924   14   37    1 3657    2 1122   13]
 [  73    2    9    0   45   34   63    0]
 [ 713    9   29    0 1403    3 2203    1]
 [   9    0    0    0   19    0    3  107]]
2009
The overall accuracy of  300  trees is:  0.530662259204377
[[3163   20   43    3 1023    7  581    6]
 [ 262   34    1    6  188    4  116    6]
 [ 626    9   80    1  494    1  324    1]
 [  14    1    0   15   13    0    9    0]
 [ 921   13   39    0 3653    2 1130   12]
 [  75    4    8    0   40   37   62    0]
 [ 730    8   24    0 1372    4 2222    1]
 [   7    0    0    0   21    0    3  107]]
2009
The overall accuracy of  400  trees is:  0.5301493217827425
[[3157   18   46    3 1020    7  589    6]
 [ 263   33    1    6  187    4  117    6]
 [ 627    8   80    2  505    1  312    1]
 [  14    0    0   15   15    0    8    0]
 [ 930   13   38    1 3667    2 1107   12]
 [  76    4    9    0   37   35   65    0]
 [ 717    9   28    0 1393    3 2210    1]
 [   9    0    0    0   20    0    4  105]]
2009
The overall accuracy of  500  trees is:  0.5308332383449219
[[3162   15   48    3 1021    9  582    6]
 [ 263   37    1    6  178    4  122    6]
 [ 625    8   82    2  493    1  324    1]
 [  14    0    0   15   13    0   10    0]
 [ 929   13   37    1 3673    2 1103   12]
 [  73    5   11    0   37   37   63    0]
 [ 730    8   25    0 1392    3 2202    1]
 [   7    0    0    0   22    0    3  106]]
2011
The overall accuracy of  100  trees is:  0.49694249284413217
[[2831    3   73   10  942    3  540    8]
 [ 140   21    4    0  215    0   80    3]
 [ 668    0   91    4  392    1  301    1]
 [  17    0    0   42   20    0    9    0]
 [1019    5   61    2 2713    2  947   10]
 [  87    2   13    0   63   27   40    1]
 [ 789    5   46    4 1069    0 1840    5]
 [  49    3    5    0   46    2   24   74]]
2011
The overall accuracy of  200  trees is:  0.4983736664064533
[[2865    5   69   10  915    2  537    7]
 [ 136   23    6    0  224    0   72    2]
 [ 676    0   91    4  375    1  310    1]
 [  19    0    1   40   17    0   11    0]
 [1025    5   56    3 2704    1  958    7]
 [  89    4    9    0   66   26   38    1]
 [ 787    4   52    3 1069    0 1837    6]
 [  49    3    4    0   46    2   24   75]]
2011
The overall accuracy of  300  trees is:  0.49824355971896955
[[2847    5   80   11  917    3  540    7]
 [ 137   24    4    0  220    0   76    2]
 [ 683    0   90    4  378    1  301    1]
 [  20    0    0   39   17    0   12    0]
 [1028    6   51    3 2699    1  962    9]
 [  88    3   11    0   66   24   40    1]
 [ 781    3   47    3 1058    0 1861    5]
 [  45    3    2    0   53    2   23   75]]
2011
The overall accuracy of  400  trees is:  0.4988940931563882
[[2844    4   83   12  897    3  560    7]
 [ 136   24    7    0  217    0   77    2]
 [ 682    0   89    4  368    1  313    1]
 [  20    0    1   40   17    0   10    0]
 [1025    5   49    2 2709    1  960    8]
 [  90    2   11    0   62   26   41    1]
 [ 782    3   49    4 1051    1 1862    6]
 [  49    3    4    0   51    2   19   75]]
2011
The overall accuracy of  500  trees is:  0.49863387978142076
[[2855    5   66   12  924    4  537    7]
 [ 143   24    5    0  214    0   75    2]
 [ 682    0   86    3  375    1  310    1]
 [  18    0    0   40   21    0    9    0]
 [1019    6   57    2 2709    1  957    8]
 [  91    3   13    0   60   25   40    1]
 [ 792    4   43    4 1058    0 1851    6]
 [  48    3    4    0   52    2   19   75]]
--- 15700.677403 seconds ---
