Case A (n(samples) = 0.5% n(raster pixels)

2009
The overall accuracy of  100  trees is:  0.505731315910133
[[779   3  13   0 278   1 131   6]
 [ 72   3   3   0  51   0  23   2]
 [166   1  11   0 137   0  69   0]
 [  6   0   0   4   1   0   1   1]
 [260   2   3   0 895   0 278   4]
 [ 32   0   1   0   9   4  10   0]
 [215   0   5   0 368   1 498   0]
 [  0   0   0   0   3   0   0  12]]
2009
The overall accuracy of  200  trees is:  0.509399358092618
[[773   2  17   0 283   2 128   6]
 [ 71   3   4   0  52   0  22   2]
 [168   2  10   0 135   0  69   0]
 [  6   0   0   4   1   0   1   1]
 [247   2   4   1 905   0 279   4]
 [ 37   0   0   0   8   3   8   0]
 [199   0   5   0 370   1 512   0]
 [  0   0   0   0   3   0   0  12]]
2009
The overall accuracy of  300  trees is:  0.5121503897294819
[[785   3  12   0 270   2 133   6]
 [ 73   3   3   0  50   0  23   2]
 [168   2  11   0 136   0  67   0]
 [  6   0   0   4   1   0   1   1]
 [254   1   3   1 912   0 267   4]
 [ 35   0   1   0   8   4   8   0]
 [203   0   6   0 374   1 503   0]
 [  0   0   0   0   3   0   0  12]]
2009
The overall accuracy of  400  trees is:  0.5075653370013755
[[787   3  14   0 267   2 132   6]
 [ 74   1   2   0  55   0  20   2]
 [167   2  11   0 136   0  68   0]
 [  6   0   0   4   2   0   0   1]
 [261   1   3   1 894   0 278   4]
 [ 35   0   1   0   9   4   7   0]
 [208   0   6   0 371   1 501   0]
 [  0   0   0   0   3   0   0  12]]
2009
The overall accuracy of  500  trees is:  0.5112333791838606
[[788   3  12   0 267   2 133   6]
 [ 74   1   3   0  50   0  24   2]
 [168   2  11   0 135   0  68   0]
 [  6   0   0   4   1   0   1   1]
 [259   1   3   0 899   0 276   4]
 [ 34   0   1   0   8   4   9   0]
 [204   0   5   0 366   1 511   0]
 [  0   0   0   0   3   0   0  12]]
2011
The overall accuracy of  100  trees is:  0.4950598023920957
[[700   2  18   0 251   1 130   1]
 [ 46   3   2   0  48   0  17   0]
 [181   0  30   0  95   0  59   0]
 [  4   0   0  11   8   0   0   0]
 [284   0   8   0 684   0 211   3]
 [ 28   0   3   0  11   7   9   0]
 [228   1  10   1 255   0 445   0]
 [ 12   0   0   0  13   0   2  24]]
2011
The overall accuracy of  200  trees is:  0.5036401456058243
[[719   0  18   0 236   0 129   1]
 [ 44   3   2   0  48   0  19   0]
 [172   1  27   0 103   0  62   0]
 [  4   0   0  11   7   0   1   0]
 [279   0   8   0 688   0 212   3]
 [ 27   0   2   0  11   8  10   0]
 [210   0  12   1 260   0 457   0]
 [ 11   0   0   0  12   0   4  24]]
2011
The overall accuracy of  300  trees is:  0.5052002080083203
[[730   1  21   0 219   0 131   1]
 [ 43   3   2   0  49   0  19   0]
 [183   0  26   0  96   0  60   0]
 [  4   0   0  10   7   0   2   0]
 [282   1  10   0 682   0 212   3]
 [ 26   0   2   0   9   9  12   0]
 [211   0  10   2 258   0 459   0]
 [ 12   0   0   0  13   0   2  24]]
2011
The overall accuracy of  400  trees is:  0.49765990639625585
[[713   2  18   0 240   1 128   1]
 [ 44   3   2   0  50   0  17   0]
 [182   1  21   0 105   0  56   0]
 [  5   0   0  11   6   0   1   0]
 [290   0   6   0 684   0 207   3]
 [ 28   0   2   0   9   6  13   0]
 [210   0  15   1 262   0 452   0]
 [ 11   0   0   0  13   0   3  24]]
2011
The overall accuracy of  500  trees is:  0.5015600624024961
[[723   0  17   0 233   0 129   1]
 [ 43   3   2   0  48   0  20   0]
 [184   0  23   0 101   0  57   0]
 [  4   0   0  11   7   0   1   0]
 [288   0   8   0 683   0 208   3]
 [ 29   0   2   0   9   7  11   0]
 [213   0  14   0 258   0 455   0]
 [ 12   0   0   0  13   0   2  24]]

 --------------------------------------------------------------------------------

 Case B (n(samples) = 1% n(raster pixels)

2009
The overall accuracy of  100  trees is:  0.5222842813176792
[[1606    6   20    2  495    0  290    4]
 [ 143    4    1    0  103    0   51    7]
 [ 363    0   22    0  226    0  157    0]
 [   7    0    0    9    6    0    4    0]
 [ 518    5   10    0 1806    0  540    6]
 [  51    0    3    0   17   16   26    0]
 [ 386    2    7    2  716    1 1065    1]
 [   4    2    0    0    9    0    0   54]]
2009
The overall accuracy of  200  trees is:  0.5242220449105209
[[1602    5   14    2  500    1  295    4]
 [ 139    5    0    0  109    0   48    8]
 [ 354    1   20    0  228    0  164    1]
 [   7    0    0    9    6    0    4    0]
 [ 504    2    7    0 1804    0  563    5]
 [  49    0    3    0   22   15   24    0]
 [ 377    1    6    2  703    2 1088    1]
 [   4    3    0    0    6    0    0   56]]
2009
The overall accuracy of  300  trees is:  0.5246779892853072
[[1613    4   13    2  492    0  295    4]
 [ 142    4    2    0  101    0   52    8]
 [ 359    2   19    0  226    0  161    1]
 [   9    0    0    9    5    0    3    0]
 [ 506    4    5    0 1813    0  551    6]
 [  50    0    3    0   23   16   21    0]
 [ 371    2    5    2  723    2 1074    1]
 [   4    3    0    0    7    0    0   55]]
2009
The overall accuracy of  400  trees is:  0.5225122535050724
[[1593    5   14    2  502    0  303    4]
 [ 142    5    2    0  105    0   49    6]
 [ 363    2   20    0  223    0  160    0]
 [   9    0    0    9    5    0    3    0]
 [ 512    2    7    0 1802    0  556    6]
 [  51    0    2    0   21   16   23    0]
 [ 372    2    6    2  712    1 1084    1]
 [   5    2    0    0    7    0    0   55]]
2009
The overall accuracy of  500  trees is:  0.5221702952239827
[[1602    4   15    2  494    0  302    4]
 [ 139    5    1    0  107    0   49    8]
 [ 367    1   19    0  218    0  163    0]
 [   8    0    0    9    5    0    4    0]
 [ 516    2    4    0 1808    0  549    6]
 [  54    0    2    0   21   16   20    0]
 [ 381    2    5    2  719    3 1067    1]
 [   5    2    0    0    7    0    0   55]]
2011
The overall accuracy of  100  trees is:  0.48875016256990506
[[1420    5   45    0  448    1  277    9]
 [  73    9    2    0  111    0   33    4]
 [ 324    0   36    0  209    1  159    0]
 [  18    1    2    9   12    0    5    0]
 [ 533    5   32    1 1347    2  456    4]
 [  41    4    5    0   28    7   29    2]
 [ 405    1   27    2  557    1  886    0]
 [  20    4    2    0   24    3    4   44]]
2011
The overall accuracy of  200  trees is:  0.49252178436727795
[[1420    6   44    0  448    1  276   10]
 [  73    9    3    0  110    0   33    4]
 [ 328    0   39    0  211    1  150    0]
 [  20    0    2    7   14    0    4    0]
 [ 523    7   34    1 1372    0  439    4]
 [  43    3    4    0   30    8   27    1]
 [ 399    0   25    2  565    1  887    0]
 [  24    4    1    0   20    1    6   45]]
2011
The overall accuracy of  300  trees is:  0.4931720639875146
[[1414    5   40    0  460    1  275   10]
 [  73   10    4    0  109    0   32    4]
 [ 332    0   39    0  211    1  146    0]
 [  18    0    2   10   12    0    5    0]
 [ 532    4   30    0 1376    1  432    5]
 [  44    3    4    0   29    7   28    1]
 [ 390    1   29    2  565    1  891    0]
 [  24    3    2    0   20    2    5   45]]
2011
The overall accuracy of  400  trees is:  0.4882299388737157
[[1403    5   39    0  469    1  279    9]
 [  75   10    2    0  107    0   34    4]
 [ 325    0   34    0  221    1  148    0]
 [  20    0    2    7   13    0    5    0]
 [ 526    7   32    1 1367    2  441    4]
 [  44    3    4    0   31    7   26    1]
 [ 385    0   26    2  583    1  882    0]
 [  22    4    2    0   22    1    6   44]]
2011
The overall accuracy of  500  trees is:  0.4927818962153726
[[1420    6   35    0  457    1  276   10]
 [  77    9    2    0  107    0   33    4]
 [ 325    0   38    0  217    1  148    0]
 [  20    1    2    8   11    0    5    0]
 [ 526    4   30    1 1375    2  438    4]
 [  44    3    5    0   29    8   26    1]
 [ 403    0   26    2  560    1  887    0]
 [  24    4    1    0   21    2    5   44]]

  --------------------------------------------------------------------------------
Case C

  2009
The overall accuracy of  100  trees is:  0.52724267639348
[[3194   14   34    2 1007    5  583    7]
 [ 275   21    4    7  179    3  122    6]
 [ 643    1   62    1  492    4  332    1]
 [  19    1    0   15   10    0    7    0]
 [ 990    7   28    0 3625    2 1108   10]
 [  85    3    4    0   43   34   57    0]
 [ 731    1   32    3 1395    3 2194    2]
 [   7    0    0    0   24    0    1  106]]
2009
The overall accuracy of  200  trees is:  0.5296933774079562
[[3204   10   36    2  993    5  586   10]
 [ 263   19    2    6  191    3  128    5]
 [ 647    1   59    1  503    3  322    0]
 [  17    1    0   15   13    0    6    0]
 [1000    6   23    0 3640    1 1090   10]
 [  78    1    8    0   41   34   64    0]
 [ 733    1   21    3 1381    2 2218    2]
 [   8    0    0    0   24    0    1  105]]
2009
The overall accuracy of  300  trees is:  0.5296363843611079
[[3192   10   32    2 1013    4  584    9]
 [ 270   20    2    5  183    2  130    5]
 [ 637    1   60    1  503    3  331    0]
 [  17    1    0   15   11    0    8    0]
 [ 977    6   28    0 3651    1 1097   10]
 [  80    0    6    0   42   35   63    0]
 [ 748    1   16    3 1374    2 2215    2]
 [   5    0    0    0   27    0    1  105]]
2009
The overall accuracy of  400  trees is:  0.5311751966260116
[[3214   10   31    2  980    5  594   10]
 [ 271   18    4    6  185    2  126    5]
 [ 638    2   57    1  508    2  328    0]
 [  19    1    0   15   10    0    7    0]
 [ 975    6   26    0 3652    2 1098   11]
 [  77    0    9    0   45   36   59    0]
 [ 735    0   22    3 1374    2 2223    2]
 [   5    0    0    0   27    0    1  105]]
2009
The overall accuracy of  500  trees is:  0.5305482731106805
[[3207    9   35    2  989    5  590    9]
 [ 271   20    3    6  182    3  127    5]
 [ 656    1   56    1  495    3  323    1]
 [  18    1    0   14   12    0    7    0]
 [ 970    6   25    0 3671    2 1085   11]
 [  74    0    7    0   44   35   66    0]
 [ 736    0   22    3 1395    2 2201    2]
 [   7    0    0    0   25    0    1  105]]
2011
The overall accuracy of  100  trees is:  0.5092375748113454
[[2900    5   78    5  866    1  550    5]
 [ 154   18    6    0  206    0   75    4]
 [ 678    1  102    1  390    2  284    0]
 [  19    0    0   43   16    0   10    0]
 [ 984    8   38    2 2815    2  902    8]
 [  99    2   14    0   62   27   29    0]
 [ 786    1   45    5 1070    1 1849    1]
 [  55    7    4    0   44    1   18   74]]
2011
The overall accuracy of  200  trees is:  0.5091725214676034
[[2940    5   68    5  868    2  517    5]
 [ 152   20    7    0  210    0   70    4]
 [ 666    1  100    1  408    3  279    0]
 [  21    0    1   41   15    0   10    0]
 [ 995    5   39    2 2782    3  924    9]
 [  99    1   11    0   65   26   31    0]
 [ 786    2   49    4 1072    0 1844    1]
 [  53    6    5    0   43    4   18   74]]
2011
The overall accuracy of  300  trees is:  0.5101483216237315
[[2929    4   69    5  867    3  527    6]
 [ 153   27    9    0  205    0   66    3]
 [ 675    3  100    1  399    1  279    0]
 [  18    0    0   43   17    0   10    0]
 [ 989    5   42    2 2793    2  917    9]
 [  96    1   18    0   63   27   28    0]
 [ 777    2   44    5 1079    0 1850    1]
 [  55    6    6    0   45    2   16   73]]
2011
The overall accuracy of  400  trees is:  0.5083268279989591
[[2922    5   70    6  871    1  530    5]
 [ 156   20    6    0  209    0   69    3]
 [ 667    1   96    1  403    2  288    0]
 [  20    0    1   42   15    0   10    0]
 [ 984    5   43    2 2804    2  911    8]
 [  92    1   14    0   68   29   29    0]
 [ 769    2   46    5 1105    1 1828    2]
 [  58    7    6    0   39    2   18   73]]
2011
The overall accuracy of  500  trees is:  0.5096929482175384
[[2938    3   74    4  863    2  521    5]
 [ 152   22    7    0  212    0   67    3]
 [ 665    1  104    1  400    3  284    0]
 [  19    0    1   43   15    0   10    0]
 [ 997    4   39    2 2798    2  910    7]
 [  98    0   10    0   67   28   30    0]
 [ 779    2   46    6 1095    0 1828    2]
 [  57    6    6    0   40    2   18   74]]